HL = 1.000 | t1//t0 = 9.000 | l1//l0 = 0.700 | alpha = 1.34 | Tmax = 0.109676
 HL = 0.500 | t1//t0 = 4.000 | l1//l0 = 0.020 | alpha = 1.44 | Tmax = 0.135468
 HL = 1.000 | t1//t0 = 5.000 | l1//l0 = 0.700 | alpha = 1.01 | Tmax = 0.177858
 