
options = 

          AnnealingFcn: @discrete_annealing2
        TemperatureFcn: @temperatureboltz
         AcceptanceFcn: @acceptancesa
                TolFun: []
        StallIterLimit: 150
           MaxFunEvals: []
             TimeLimit: []
               MaxIter: []
        ObjectiveLimit: 0.0612
               Display: 'diagnose'
       DisplayInterval: 1
             HybridFcn: []
        HybridInterval: []
              PlotFcns: []
          PlotInterval: []
            OutputFcns: []
    InitialTemperature: 100
      ReannealInterval: 150
              DataType: 'custom'


resultados =

   1.0e+03 *

    0.0010    0.0000    0.0015    0.0001    0.1910    0.7193
    0.0020    0.0000    0.0015    0.0001    0.3230    1.2226
    0.0030    0.0000    0.0015    0.0001    0.3360    1.2601
    0.0040    0.0000    0.0015    0.0001    0.1430    0.5206
    0.0050    0.0000    0.0015    0.0001    0.1520    0.5444
    0.0060    0.0000    0.0015    0.0001    0.3480    1.2307
    0.0070    0.0000    0.0015    0.0001    0.2680    0.9652
    0.0080    0.0000    0.0015    0.0001    0.0280    0.0948
    0.0090    0.0000    0.0015    0.0001    0.1740    0.6337
    0.0100    0.0000    0.0015    0.0001    0.2370    0.8816
    0.0110    0.0000    0.0015    0.0001    0.0760    0.2569
    0.0120    0.0000    0.0015    0.0001    0.2800    0.9777
    0.0130    0.0000    0.0015    0.0001    0.1900    0.7249
    0.0140    0.0000    0.0015    0.0001    0.3780    1.3349
    0.0150    0.0000    0.0015    0.0001    0.1160    0.3974
    0.0160    0.0000    0.0015    0.0001    0.2360    0.8061
    0.0170    0.0000    0.0015    0.0001    0.3000    1.1139
    0.0180    0.0000    0.0015    0.0001    0.1890    0.7227
    0.0190    0.0000    0.0015    0.0001    0.2380    0.8643
    0.0200    0.0000    0.0015    0.0001    0.1680    0.5646
    0.0210    0.0000    0.0015    0.0001    0.3060    1.1536
    0.0220    0.0000    0.0015    0.0001    0.1850    0.6468
    0.0230    0.0000    0.0015    0.0001    0.2380    0.7997
    0.0240    0.0000    0.0015    0.0001    0.0080    0.0363
    0.0250    0.0000    0.0015    0.0001    0.0060    0.0294
    0.0260    0.0000    0.0015    0.0001    0.1190    0.4456
    0.0270    0.0000    0.0015    0.0001    0.0670    0.2296
    0.0280    0.0000    0.0015    0.0001    0.0540    0.2016
    0.0290    0.0000    0.0015    0.0001    0.2170    0.7966
    0.0300    0.0000    0.0015    0.0001    0.1200    0.4494

Elapsed time is 20624.892642 seconds.
