
options = 

          AnnealingFcn: @d_annealing_c2
        TemperatureFcn: @temperatureboltz
         AcceptanceFcn: @acceptancesa
                TolFun: []
        StallIterLimit: 100
           MaxFunEvals: []
             TimeLimit: []
               MaxIter: []
        ObjectiveLimit: 0.0815
               Display: 'diagnose'
       DisplayInterval: 1
             HybridFcn: []
        HybridInterval: []
              PlotFcns: []
          PlotInterval: []
            OutputFcns: []
    InitialTemperature: [100 100]
      ReannealInterval: 100
              DataType: 'custom'


resultados =

    1.0000    0.0030    1.3900    0.0816  170.0000  225.6408
    2.0000    0.0010    1.3900    0.0815  100.0000  146.1272
    3.0000    0.0030    1.3900    0.0816  140.0000  195.4396
         0         0    3.0000    1.0000   33.3333         0

