
options = 

          AnnealingFcn: @discrete_annealing2
        TemperatureFcn: @tempboltzexp
         AcceptanceFcn: @acceptancesa
                TolFun: []
        StallIterLimit: 150
           MaxFunEvals: []
             TimeLimit: []
               MaxIter: []
        ObjectiveLimit: 0.0612
               Display: 'diagnose'
       DisplayInterval: 1
             HybridFcn: []
        HybridInterval: []
              PlotFcns: []
          PlotInterval: []
            OutputFcns: []
    InitialTemperature: 100
      ReannealInterval: 150
              DataType: 'custom'


resultados =

    1.0000    0.0070    1.5500    0.0611  105.0000  193.0553
    2.0000    0.1000    1.4900    0.0691  190.0000  276.9032
    3.0000    0.0070    1.5500    0.0611  142.0000  232.3660
    4.0000    0.0070    1.5500    0.0611  114.0000  197.1163
    5.0000    0.0070    1.5500    0.0611   87.0000  154.4257
    6.0000    0.0200    1.5400    0.0622  298.0000  453.0911
    7.0000    0.0070    1.5500    0.0611   93.0000  155.6263
    8.0000    0.0200    1.5400    0.0622  297.0000  474.4132
    9.0000    0.0070    1.5500    0.0611  146.0000  234.5467
   10.0000    0.0070    1.5500    0.0611  143.0000  249.4485
   11.0000    0.0070    1.5500    0.0611  102.0000  177.6841
   12.0000    0.0070    1.5500    0.0611  100.0000  170.8575
   13.0000    0.0070    1.5500    0.0611  116.0000  194.6509
   14.0000    0.0070    1.5500    0.0611  322.0000  527.1700
   15.0000    0.0070    1.5500    0.0611  103.0000  184.3146
   16.0000    0.0070    1.5500    0.0611  102.0000  183.6168
   17.0000    0.0070    1.5500    0.0611  106.0000  193.0588
   18.0000    0.0070    1.5500    0.0611  145.0000  211.3493
   19.0000    0.0070    1.5500    0.0611  310.0000  525.8094
   20.0000    0.0070    1.5500    0.0611  142.0000  240.8208
   21.0000    0.0070    1.5500    0.0611  144.0000  252.4995
   22.0000    0.0070    1.5500    0.0611  108.0000  185.5947
   23.0000    0.0070    1.5500    0.0611  140.0000  240.6305
   24.0000    0.1000    1.4900    0.0691  257.0000  367.3589
   25.0000    0.0070    1.5500    0.0611  104.0000  197.0097
   26.0000    0.0070    1.5500    0.0611   90.0000  158.9200
   27.0000    0.0070    1.5500    0.0611  141.0000  236.9347
   28.0000    0.0070    1.5500    0.0611  141.0000  223.7596
   29.0000    0.0070    1.5500    0.0611  140.0000  223.1067
   30.0000    0.0070    1.5500    0.0611  375.0000  624.6786
   31.0000    0.0070    1.5500    0.0611  144.0000  248.7311
   32.0000    0.0070    1.5500    0.0611  143.0000  244.7290
   33.0000    0.0070    1.5500    0.0611  117.0000  194.1420
   34.0000    0.0070    1.5500    0.0611  144.0000  229.4406
   35.0000    0.0070    1.5500    0.0611  115.0000  191.9117
   36.0000    0.0300    1.5300    0.0652  296.0000  444.8528
   37.0000    0.0070    1.5500    0.0611   99.0000  181.5897
   38.0000    0.0070    1.5500    0.0611  102.0000  189.0331
   39.0000    0.0070    1.5500    0.0611  144.0000  216.1398
   40.0000    0.0070    1.5500    0.0611   99.0000  161.4474
   41.0000    0.0070    1.5500    0.0611  141.0000  237.9458
   42.0000    0.0070    1.5500    0.0611  143.0000  247.7346
   43.0000    0.0500    1.5200    0.0654  292.0000  445.0082
   44.0000    0.0070    1.5500    0.0611  146.0000  245.5529
   45.0000    0.0070    1.5500    0.0611  145.0000  240.2599
   46.0000    0.0070    1.5500    0.0611   68.0000  116.2796
   47.0000    0.0070    1.5500    0.0611  146.0000  251.4973
   48.0000    0.0070    1.5500    0.0611   94.0000  166.9028
   49.0000    0.0070    1.5500    0.0611  366.0000  576.5924
   50.0000    0.0070    1.5500    0.0611  140.0000  232.4291
   51.0000    0.0070    1.5500    0.0611   49.0000   86.7519
   52.0000    0.0070    1.5500    0.0611  143.0000  223.4748
   53.0000    0.0070    1.5500    0.0611  116.0000  202.6244
   54.0000    0.0070    1.5500    0.0611  146.0000  212.0721
   55.0000    0.0070    1.5500    0.0611  381.0000  610.7117
   56.0000    0.0070    1.5500    0.0611  143.0000  219.4286
   57.0000    0.0070    1.5500    0.0611   53.0000   83.0899
   58.0000    0.0070    1.5500    0.0611  142.0000  230.6164
   59.0000    0.0070    1.5500    0.0611   71.0000  117.9536
   60.0000    0.0070    1.5500    0.0611  144.0000  252.2126

