
options = 

          AnnealingFcn: @d_annealing_c2
        TemperatureFcn: @temperatureboltz
         AcceptanceFcn: @acceptancesa
                TolFun: []
        StallIterLimit: 100
           MaxFunEvals: []
             TimeLimit: []
               MaxIter: []
        ObjectiveLimit: 0.0611
               Display: 'diagnose'
       DisplayInterval: 1
             HybridFcn: []
        HybridInterval: []
              PlotFcns: []
          PlotInterval: []
            OutputFcns: []
    InitialTemperature: [100 100]
      ReannealInterval: 100
              DataType: 'custom'


resultados =

    1.0000    0.0070    1.5500    0.0611   22.0000   39.3003
    2.0000    0.0070    1.5500    0.0611   90.0000  135.1863
    3.0000    0.0500    1.5200    0.0654  326.0000  502.3575
         0         0    3.0000    2.0000   66.6667         0

