
options = 

          AnnealingFcn: @discrete_annealing2
        TemperatureFcn: @tempboltzexp
         AcceptanceFcn: @acceptancesa
                TolFun: []
        StallIterLimit: 150
           MaxFunEvals: []
             TimeLimit: []
               MaxIter: []
        ObjectiveLimit: 0.0612
               Display: 'diagnose'
       DisplayInterval: 1
             HybridFcn: []
        HybridInterval: []
              PlotFcns: []
          PlotInterval: []
            OutputFcns: []
    InitialTemperature: 100
      ReannealInterval: 150
              DataType: 'custom'


resultados =

   1.0e+03 *

    0.0010    0.0000    0.0015    0.0001    0.1050    0.3932
    0.0020    0.0001    0.0015    0.0001    0.1900    0.5852
    0.0030    0.0000    0.0015    0.0001    0.1420    0.4944
    0.0040    0.0000    0.0015    0.0001    0.1140    0.4018
    0.0050    0.0000    0.0015    0.0001    0.0870    0.3170
    0.0060    0.0000    0.0015    0.0001    0.2980    0.9442
    0.0070    0.0000    0.0015    0.0001    0.0930    0.3171
    0.0080    0.0000    0.0015    0.0001    0.2970    0.9844
    0.0090    0.0000    0.0015    0.0001    0.1460    0.5022
    0.0100    0.0000    0.0015    0.0001    0.1430    0.5324
    0.0110    0.0000    0.0015    0.0001    0.1020    0.3637
    0.0120    0.0000    0.0015    0.0001    0.1000    0.3496
    0.0130    0.0000    0.0015    0.0001    0.1160    0.3974
    0.0140    0.0000    0.0015    0.0001    0.3220    1.1009
    0.0150    0.0000    0.0015    0.0001    0.1030    0.3772
    0.0160    0.0000    0.0015    0.0001    0.1020    0.3774
    0.0170    0.0000    0.0015    0.0001    0.1060    0.3996
    0.0180    0.0000    0.0015    0.0001    0.1450    0.4474
    0.0190    0.0000    0.0015    0.0001    0.3100    1.0996
    0.0200    0.0000    0.0015    0.0001    0.1420    0.5183
    0.0210    0.0000    0.0015    0.0001    0.1440    0.5407
    0.0220    0.0000    0.0015    0.0001    0.1080    0.3794
    0.0230    0.0000    0.0015    0.0001    0.1400    0.5132
    0.0240    0.0001    0.0015    0.0001    0.2570    0.7733
    0.0250    0.0000    0.0015    0.0001    0.1040    0.4110
    0.0260    0.0000    0.0015    0.0001    0.0900    0.3271
    0.0270    0.0000    0.0015    0.0001    0.1410    0.5056
    0.0280    0.0000    0.0015    0.0001    0.1410    0.4824
    0.0290    0.0000    0.0015    0.0001    0.1400    0.4761
    0.0300    0.0000    0.0015    0.0001    0.3750    1.3195

