
options = 

          AnnealingFcn: @discrete_annealing2
        TemperatureFcn: @temperatureboltz
         AcceptanceFcn: @acceptancesa
                TolFun: []
        StallIterLimit: 100
           MaxFunEvals: []
             TimeLimit: []
               MaxIter: []
        ObjectiveLimit: 0.0612
               Display: 'diagnose'
       DisplayInterval: 1
             HybridFcn: []
        HybridInterval: []
              PlotFcns: []
          PlotInterval: []
            OutputFcns: []
    InitialTemperature: 100
      ReannealInterval: 100
              DataType: 'custom'


resultados =

   1.0e+03 *

    0.0010    0.0000    0.0015    0.0001    0.1530    0.8721
    0.0020    0.0000    0.0015    0.0001    0.0790    0.4346
    0.0030    0.0000    0.0015    0.0001    0.2960    1.6390
    0.0040    0.0000    0.0015    0.0001    0.3560    1.9288
    0.0050    0.0000    0.0015    0.0001    0.2110    1.1928
    0.0060    0.0000    0.0015    0.0001    0.2590    1.4173
    0.0070    0.0000    0.0015    0.0001    0.1750    1.0005
    0.0080    0.0000    0.0015    0.0001    0.0590    0.3131
    0.0090    0.0000    0.0015    0.0001    0.4040    2.1593
    0.0100    0.0000    0.0015    0.0001    0.1030    0.5831
    0.0110    0.0000    0.0015    0.0001    0.1590    0.9063
    0.0120    0.0000    0.0015    0.0001    0.1170    0.6779
    0.0130    0.0000    0.0015    0.0001    0.1600    0.8379
    0.0140    0.0001    0.0015    0.0001    0.1800    0.9159
    0.0150    0.0000    0.0015    0.0001    0.0890    0.4347
    0.0160    0.0000    0.0015    0.0001    0.0760    0.3846
    0.0170    0.0000    0.0015    0.0001    0.2300    1.2051
    0.0180    0.0000    0.0015    0.0001    0.1050    0.5785
    0.0190    0.0000    0.0015    0.0001    0.1780    1.0181
    0.0200    0.0000    0.0015    0.0001    0.1640    0.9714
    0.0210    0.0000    0.0015    0.0001    0.2000    1.0371
    0.0220    0.0000    0.0015    0.0001    0.1580    0.8615
    0.0230    0.0000    0.0015    0.0001    0.4200    2.1804
    0.0240    0.0000    0.0015    0.0001    0.1640    0.9527
    0.0250    0.0000    0.0015    0.0001    0.1480    0.8100
    0.0260    0.0000    0.0015    0.0001    0.1560    0.8281
    0.0270    0.0000    0.0015    0.0001    0.1390    0.7309
    0.0280    0.0000    0.0015    0.0001    0.1880    1.0011
    0.0290    0.0000    0.0015    0.0001    0.1090    0.6208
    0.0300    0.0001    0.0015    0.0001    0.1880    0.9844

