
options = 

          AnnealingFcn: @d_annealing_c2
        TemperatureFcn: @tempboltzexp
         AcceptanceFcn: @acceptancesa
                TolFun: []
        StallIterLimit: 100
           MaxFunEvals: []
             TimeLimit: []
               MaxIter: []
        ObjectiveLimit: 0.0660
               Display: 'diagnose'
       DisplayInterval: 1
             HybridFcn: []
        HybridInterval: []
              PlotFcns: []
          PlotInterval: []
            OutputFcns: []
    InitialTemperature: [100 100]
      ReannealInterval: 100
              DataType: 'custom'


resultados =

    1.0000    0.5000    1.3700    0.0837  226.0000   90.2346
    2.0000    0.5000    1.3800    0.0846  162.0000   71.2461
    3.0000    0.1000    1.5400    0.0660   61.0000   18.7418
         0         0    3.0000    1.0000   33.3333         0

