
options = 

          AnnealingFcn: @d_annealing_c2
        TemperatureFcn: @temperaturefast
         AcceptanceFcn: @acceptancesa
                TolFun: []
        StallIterLimit: 100
           MaxFunEvals: []
             TimeLimit: []
               MaxIter: []
        ObjectiveLimit: 0.0660
               Display: 'diagnose'
       DisplayInterval: 1
             HybridFcn: []
        HybridInterval: []
              PlotFcns: []
          PlotInterval: []
            OutputFcns: []
    InitialTemperature: [100 100]
      ReannealInterval: 100
              DataType: 'custom'


resultados =

    1.0000    1.0000    1.1800    0.0982  348.0000  207.2146
    2.0000    0.7000    1.3000    0.0873  123.0000   65.0891
    3.0000    0.5000    1.3600    0.0829  124.0000   71.0931
         0         0    3.0000         0         0         0

