
options = 

          AnnealingFcn: @discrete_annealing2
        TemperatureFcn: @temperatureexp
         AcceptanceFcn: @acceptancesa
                TolFun: []
        StallIterLimit: 150
           MaxFunEvals: []
             TimeLimit: []
               MaxIter: []
        ObjectiveLimit: 0.0612
               Display: 'diagnose'
       DisplayInterval: 1
             HybridFcn: []
        HybridInterval: []
              PlotFcns: []
          PlotInterval: []
            OutputFcns: []
    InitialTemperature: 100
      ReannealInterval: 150
              DataType: 'custom'


resultados =

   1.0e+03 *

    0.0010    0.0000    0.0015    0.0001    0.2060    1.0428
    0.0020    0.0000    0.0015    0.0001    0.0910    0.3691
    0.0030    0.0000    0.0015    0.0001    0.0960    0.3611
    0.0040    0.0000    0.0015    0.0001    0.0920    0.3588
    0.0050    0.0010    0.0012    0.0001    0.2160    1.0349
    0.0060    0.0000    0.0015    0.0001    0.0950    0.3871
    0.0070    0.0000    0.0015    0.0001    0.0600    0.2332
    0.0080    0.0000    0.0015    0.0001    0.0920    0.2936
    0.0090    0.0000    0.0015    0.0001    0.0970    0.3662
    0.0100    0.0000    0.0015    0.0001    0.1830    0.6484
    0.0110    0.0001    0.0015    0.0001    0.2170    0.7145
    0.0120    0.0000    0.0015    0.0001    0.0930    0.3454
    0.0130    0.0000    0.0015    0.0001    0.0180    0.0768
    0.0140    0.0000    0.0015    0.0001    0.2480    0.8851
    0.0150    0.0000    0.0015    0.0001    0.0700    0.2428
    0.0160    0.0000    0.0015    0.0001    0.0630    0.2289
    0.0170    0.0000    0.0015    0.0001    0.0250    0.0961
    0.0180    0.0000    0.0015    0.0001    0.0650    0.2487
    0.0190    0.0000    0.0015    0.0001    0.0940    0.3695
    0.0200    0.0000    0.0015    0.0001    0.0940    0.3346
    0.0210    0.0000    0.0015    0.0001    0.0900    0.2889
    0.0220    0.0000    0.0015    0.0001    0.0560    0.2181
    0.0230    0.0000    0.0015    0.0001    0.0580    0.2226
    0.0240    0.0000    0.0015    0.0001    0.0940    0.3632
    0.0250    0.0010    0.0012    0.0001    0.1590    0.7385
    0.0260    0.0000    0.0015    0.0001    0.0500    0.1887
    0.0270    0.0000    0.0015    0.0001    0.0960    0.4007
    0.0280    0.0000    0.0015    0.0001    0.0930    0.3518
    0.0290    0.0000    0.0015    0.0001    0.0930    0.3352
    0.0300    0.0000    0.0015    0.0001    0.0230    0.0986

11843.88 seconds