
options = 

          AnnealingFcn: @discrete_annealing2
        TemperatureFcn: @temperatureexp
         AcceptanceFcn: @acceptancesa
                TolFun: []
        StallIterLimit: 150
           MaxFunEvals: []
             TimeLimit: []
               MaxIter: []
        ObjectiveLimit: 0.0612
               Display: 'diagnose'
       DisplayInterval: 1
             HybridFcn: []
        HybridInterval: []
              PlotFcns: []
          PlotInterval: []
            OutputFcns: []
    InitialTemperature: 100
      ReannealInterval: 150
              DataType: 'custom'


resultados =

    1.0000    0.0010    1.5500    0.0694  206.0000  429.7633
    2.0000    0.0070    1.5500    0.0611   91.0000  159.2044
    3.0000    0.0070    1.5500    0.0611   96.0000  155.5626
    4.0000    0.0070    1.5500    0.0611   92.0000  162.1787
    5.0000    1.0000    1.2000    0.0923  216.0000  441.3479
    6.0000    0.0070    1.5500    0.0611   95.0000  166.6621
    7.0000    0.0070    1.5500    0.0611   60.0000  107.8958
    8.0000    0.0070    1.5500    0.0611   92.0000  127.6486
    9.0000    0.0070    1.5500    0.0611   97.0000  156.9450
   10.0000    0.0200    1.5400    0.0622  183.0000  278.9447
   11.0000    0.0500    1.5200    0.0654  217.0000  303.4846
   12.0000    0.0070    1.5500    0.0611   93.0000  151.0077
   13.0000    0.0070    1.5500    0.0611   18.0000   35.9635
   14.0000    0.0200    1.5400    0.0622  248.0000  378.5516
   15.0000    0.0070    1.5500    0.0611   70.0000  114.5939
   16.0000    0.0070    1.5500    0.0611   63.0000  107.4865
   17.0000    0.0070    1.5500    0.0611   25.0000   45.4063
   18.0000    0.0070    1.5500    0.0611   65.0000  115.0445
   19.0000    0.0070    1.5500    0.0611   94.0000  158.8567
   20.0000    0.0070    1.5500    0.0611   94.0000  146.2431
   21.0000    0.0070    1.5500    0.0611   90.0000  126.5532
   22.0000    0.0070    1.5500    0.0611   56.0000  102.0407
   23.0000    0.0070    1.5500    0.0611   58.0000  102.8100
   24.0000    0.0070    1.5500    0.0611   94.0000  156.7412
   25.0000    1.0000    1.2000    0.0923  159.0000  316.9926
   26.0000    0.0070    1.5500    0.0611   50.0000   87.9519
   27.0000    0.0070    1.5500    0.0611   96.0000  172.7974
   28.0000    0.0070    1.5500    0.0611   93.0000  154.0669
   29.0000    0.0070    1.5500    0.0611   93.0000  144.7876
   30.0000    0.0070    1.5500    0.0611   23.0000   45.5750

