
options = 

          AnnealingFcn: @discrete_annealing2
        TemperatureFcn: @temperatureboltz
         AcceptanceFcn: @acceptancesa
                TolFun: []
        StallIterLimit: 150
           MaxFunEvals: []
             TimeLimit: []
               MaxIter: []
        ObjectiveLimit: 0.0612
               Display: 'diagnose'
       DisplayInterval: 1
             HybridFcn: []
        HybridInterval: []
              PlotFcns: []
          PlotInterval: []
            OutputFcns: []
    InitialTemperature: 100
      ReannealInterval: 150
              DataType: 'custom'


resultados =

    1.0000    0.0070    1.5500    0.0611  191.0000  348.7786
    2.0000    0.0070    1.5500    0.0611  323.0000  576.0576
    3.0000    0.0070    1.5500    0.0611  336.0000  597.9640
    4.0000    0.0070    1.5500    0.0611  143.0000  249.6929
    5.0000    0.0070    1.5500    0.0611  152.0000  261.3010
    6.0000    0.0030    1.5500    0.0652  348.0000  593.5590
    7.0000    0.0050    1.5500    0.0625  268.0000  465.1114
    8.0000    0.0070    1.5500    0.0611   28.0000   45.7095
    9.0000    0.0070    1.5500    0.0611  174.0000  304.6149
   10.0000    0.0070    1.5500    0.0611  237.0000  427.0229
   11.0000    0.0070    1.5500    0.0611   76.0000  123.9998
   12.0000    0.0050    1.5500    0.0625  280.0000  473.2841
   13.0000    0.0070    1.5500    0.0611  190.0000  347.2364
   14.0000    0.0050    1.5500    0.0625  378.0000  638.7430
   15.0000    0.0070    1.5500    0.0611  116.0000  193.6054
   16.0000    0.0200    1.5400    0.0622  236.0000  390.4581
   17.0000    0.0050    1.5500    0.0625  300.0000  536.6341
   18.0000    0.0070    1.5500    0.0611  189.0000  346.3802
   19.0000    0.0050    1.5500    0.0625  238.0000  415.6688
   20.0000    0.0300    1.5300    0.0652  168.0000  272.6662
   21.0000    0.0070    1.5500    0.0611  306.0000  553.0887
   22.0000    0.0100    1.5500    0.0638  185.0000  312.8552
   23.0000    0.0030    1.5500    0.0652  238.0000  385.8490
   24.0000    0.0070    1.5500    0.0611    8.0000   17.7608
   25.0000    0.0070    1.5500    0.0611    6.0000   14.5507
   26.0000    0.0070    1.5500    0.0611  119.0000  213.7931
   27.0000    0.0070    1.5500    0.0611   67.0000  111.3943
   28.0000    0.0070    1.5500    0.0611   54.0000   96.9654
   29.0000    0.0070    1.5500    0.0611  217.0000  388.4615
   30.0000    0.0070    1.5500    0.0611  120.0000  218.1334
   31.0000    0.0050    1.5500    0.0625  270.0000  482.6644
   32.0000    0.0070    1.5500    0.0611  215.0000  385.8255
   33.0000    0.0070    1.5500    0.0611  211.0000  380.2486
   34.0000    0.0030    1.5500    0.0652  169.0000  309.2723
   35.0000    0.0070    1.5500    0.0611  216.0000  388.5848
   36.0000    0.0070    1.5500    0.0611  164.0000  297.0721
   37.0000    0.0070    1.5500    0.0611  317.0000  548.0815
   38.0000    0.0070    1.5500    0.0611  177.0000  322.1788
   39.0000    0.0070    1.5500    0.0611  248.0000  410.7918
   40.0000    0.0070    1.5500    0.0611  163.0000  294.7364
   41.0000    0.0070    1.5500    0.0611   76.0000  120.1535
   42.0000    0.0070    1.5500    0.0611  163.0000  300.1501
   43.0000    0.0070    1.5500    0.0611  360.0000  646.3748
   44.0000    0.0070    1.5500    0.0611  422.0000  723.0688
   45.0000    0.0050    1.5500    0.0625  210.0000  387.2647
   46.0000    0.0050    1.5500    0.0625  258.0000  460.4329
   47.0000    0.0070    1.5500    0.0611  197.0000  353.9877
   48.0000    0.0070    1.5500    0.0611  302.0000  536.4892
   49.0000    0.0070    1.5500    0.0611  136.0000  258.5476
   50.0000    0.0070    1.5500    0.0611  146.0000  272.9595
   51.0000    0.0070    1.5500    0.0611   94.0000  173.2784
   52.0000    0.0070    1.5500    0.0611  302.0000  514.2798
   53.0000    0.0070    1.5500    0.0611  306.0000  557.6338
   54.0000    0.0070    1.5500    0.0611  275.0000  484.8072
   55.0000    0.0200    1.5400    0.0622  241.0000  405.5415
   56.0000    0.0070    1.5500    0.0611   79.0000  130.7209
   57.0000    0.0070    1.5500    0.0611  243.0000  417.7553
   58.0000    0.0050    1.5500    0.0625  260.0000  463.2217
   59.0000    0.0050    1.5500    0.0625  262.0000  463.9615
   60.0000    0.0070    1.5500    0.0611  225.0000  415.9889

