
options = 

          AnnealingFcn: @d_annealing_c2
        TemperatureFcn: @temperatureexp
         AcceptanceFcn: @acceptancesa
                TolFun: []
        StallIterLimit: 100
           MaxFunEvals: []
             TimeLimit: []
               MaxIter: []
        ObjectiveLimit: 0.0815
               Display: 'diagnose'
       DisplayInterval: 1
             HybridFcn: []
        HybridInterval: []
              PlotFcns: []
          PlotInterval: []
            OutputFcns: []
    InitialTemperature: [100 100]
      ReannealInterval: 100
              DataType: 'custom'


resultados =

    1.0000    0.0010    1.3900    0.0815   83.0000  121.6539
    2.0000    0.0010    1.3900    0.0815   88.0000  134.6305
    3.0000    0.0010    1.3900    0.0815   73.0000  114.8127
         0         0    3.0000    3.0000  100.0000         0

