
options = 

          AnnealingFcn: @d_annealing_c2
        TemperatureFcn: @tempboltzexp
         AcceptanceFcn: @acceptancesa
                TolFun: []
        StallIterLimit: 100
           MaxFunEvals: []
             TimeLimit: []
               MaxIter: []
        ObjectiveLimit: 0.0660
               Display: 'diagnose'
       DisplayInterval: 1
             HybridFcn: []
        HybridInterval: []
              PlotFcns: []
          PlotInterval: []
            OutputFcns: []
    InitialTemperature: [100 100]
      ReannealInterval: 100
              DataType: 'custom'


resultados =

    1.0000    0.3000    1.4400    0.0769  157.0000   54.4594
    2.0000    1.0000    1.2300    0.0921  188.0000   97.5319
    3.0000    0.5000    1.3500    0.0848  112.0000   41.1475
         0         0    3.0000         0         0         0

