
options = 

          AnnealingFcn: @discrete_annealing2
        TemperatureFcn: @temperaturefast
         AcceptanceFcn: @acceptancesa
                TolFun: []
        StallIterLimit: 150
           MaxFunEvals: []
             TimeLimit: []
               MaxIter: []
        ObjectiveLimit: 0.0612
               Display: 'diagnose'
       DisplayInterval: 1
             HybridFcn: []
        HybridInterval: []
              PlotFcns: []
          PlotInterval: []
            OutputFcns: []
    InitialTemperature: 100
      ReannealInterval: 150
              DataType: 'custom'


resultados =

    1.0000    0.0070    1.5500    0.0611  105.0000  148.5222
    2.0000    0.5000    1.3400    0.0849  183.0000  347.8012
    3.0000    1.0000    1.2000    0.0923  172.0000  346.9122
    4.0000    0.0070    1.5500    0.0611  105.0000  142.8336
    5.0000    1.0000    1.2000    0.0923  183.0000  372.1426
    6.0000    0.7000    1.2800    0.0885  187.0000  362.7103
    7.0000    0.0070    1.5500    0.0611   14.0000   25.7831
    8.0000    0.0010    1.5500    0.0694  165.0000  287.6375
    9.0000    0.0010    1.5500    0.0694  173.0000  308.5844
   10.0000    0.0070    1.5500    0.0611  102.0000  136.7599
   11.0000    0.3000    1.4000    0.0792  176.0000  302.9552
   12.0000    0.0070    1.5500    0.0611  111.0000  175.5434
   13.0000    0.0070    1.5500    0.0611  109.0000  172.9981
   14.0000    0.0070    1.5500    0.0611  108.0000  158.6412
   15.0000    0.0070    1.5500    0.0611    4.0000   12.9008
   16.0000    1.0000    1.2000    0.0923  187.0000  374.2695
   17.0000    0.0070    1.5500    0.0611   11.0000   22.7513
   18.0000    0.0010    1.5500    0.0694  160.0000  266.9544
   19.0000    1.0000    1.2000    0.0923  174.0000  349.5095
   20.0000    0.0070    1.5500    0.0611  108.0000  157.7689
   21.0000    0.0070    1.5500    0.0611   24.0000   48.0254
   22.0000    0.7000    1.2800    0.0885  171.0000  329.6572
   23.0000    0.7000    1.2800    0.0885  164.0000  319.9770
   24.0000    0.0070    1.5500    0.0611  112.0000  123.6708
   25.0000    1.0000    1.2000    0.0923  183.0000  363.4806
   26.0000    0.3000    1.4000    0.0792  165.0000  281.2681
   27.0000    0.0070    1.5500    0.0611  106.0000  159.3719
   28.0000    0.5000    1.3400    0.0849  176.0000  332.8896
   29.0000    0.3000    1.4000    0.0792  168.0000  292.4999
   30.0000    0.0070    1.5500    0.0611  109.0000  166.7884
   31.0000    1.0000    1.2000    0.0923  177.0000  357.8185
   32.0000    0.0070    1.5500    0.0611  108.0000  156.1729
   33.0000    0.0070    1.5500    0.0611   13.0000   25.8810
   34.0000    0.3000    1.4000    0.0792  172.0000  291.8915
   35.0000    1.0000    1.2000    0.0923  179.0000  363.5754
   36.0000    0.0070    1.5500    0.0611   28.0000   52.0642
   37.0000    0.0070    1.5500    0.0611  111.0000  149.9852
   38.0000    0.0070    1.5500    0.0611  107.0000  169.8893
   39.0000    0.0070    1.5500    0.0611  130.0000  174.1517
   40.0000    0.0070    1.5500    0.0611   27.0000   46.0034
   41.0000    0.0010    1.5500    0.0694  164.0000  275.6336
   42.0000    0.0070    1.5500    0.0611  124.0000  171.8662
   43.0000    1.0000    1.2000    0.0923  182.0000  368.2239
   44.0000    0.5000    1.3400    0.0849  180.0000  340.0648
   45.0000    0.0070    1.5500    0.0611  109.0000  133.1150
   46.0000    0.0070    1.5500    0.0611  131.0000  178.0144
   47.0000    0.0070    1.5500    0.0611  125.0000  169.7646
   48.0000    0.0070    1.5500    0.0611  109.0000  160.7683
   49.0000    0.0070    1.5500    0.0611  119.0000  163.6228
   50.0000    0.5000    1.3400    0.0849  181.0000  339.4539
   51.0000    1.0000    1.2000    0.0923  181.0000  365.1033
   52.0000    0.0070    1.5500    0.0611   14.0000   31.8853
   53.0000    0.5000    1.3400    0.0849  177.0000  327.9572
   54.0000    0.3000    1.4000    0.0792  172.0000  296.3139
   55.0000    0.0070    1.5500    0.0611  110.0000  156.5776
   56.0000    1.0000    1.2000    0.0923  183.0000  367.8413
   57.0000    0.0010    1.5500    0.0694  168.0000  295.7305
   58.0000    0.5000    1.3400    0.0849  176.0000  327.5893
   59.0000    0.0010    1.5500    0.0694  168.0000  273.9890
   60.0000    0.0070    1.5500    0.0611   17.0000   35.4767

