
options = 

          AnnealingFcn: @discrete_annealing2
        TemperatureFcn: @tempboltzexp
         AcceptanceFcn: @acceptancesa
                TolFun: []
        StallIterLimit: 150
           MaxFunEvals: []
             TimeLimit: []
               MaxIter: []
        ObjectiveLimit: -Inf
               Display: 'diagnose'
       DisplayInterval: 1
             HybridFcn: []
        HybridInterval: []
              PlotFcns: []
          PlotInterval: []
            OutputFcns: []
    InitialTemperature: 100
      ReannealInterval: 150
              DataType: 'custom'


resultados =

    1.0000    0.0010    1.3900    0.0815  299.0000    3.0000  471.2775
    2.0000    0.0010    1.4800    0.0700  291.0000    7.0000  507.1669
    3.0000    0.0010    1.5400    0.0639  292.0000   10.0000  511.2884
    4.0000    0.0200    1.5400    0.0622  294.0000   11.0000  471.5362
    5.0000    0.0100    1.5600    0.0664  252.0000   12.0000  413.5082
    6.0000    0.0700    1.5400    0.0644  266.0000   14.0000  202.0479
    7.0000    0.5000    1.3600    0.0829  263.0000   18.0000  223.2929

