
options = 

          AnnealingFcn: @d_annealing_c2
        TemperatureFcn: @temperatureboltz
         AcceptanceFcn: @acceptancesa
                TolFun: []
        StallIterLimit: 100
           MaxFunEvals: []
             TimeLimit: []
               MaxIter: []
        ObjectiveLimit: 0.0815
               Display: 'diagnose'
       DisplayInterval: 1
             HybridFcn: []
        HybridInterval: []
              PlotFcns: []
          PlotInterval: []
            OutputFcns: []
    InitialTemperature: [100 100]
      ReannealInterval: 100
              DataType: 'custom'


resultados =

    1.0000    0.0010    1.3900    0.0815   84.0000  118.3583
    2.0000    0.0010    1.3900    0.0815   53.0000   72.1456
    3.0000    0.0020    1.3900    0.0816  219.0000  294.9271
         0         0    3.0000    2.0000   66.6667         0

