
options = 

          AnnealingFcn: @discrete_annealing2
        TemperatureFcn: @temperaturefast
         AcceptanceFcn: @acceptancesa
                TolFun: []
        StallIterLimit: 150
           MaxFunEvals: []
             TimeLimit: []
               MaxIter: []
        ObjectiveLimit: 0.0612
               Display: 'diagnose'
       DisplayInterval: 1
             HybridFcn: []
        HybridInterval: []
              PlotFcns: []
          PlotInterval: []
            OutputFcns: []
    InitialTemperature: 100
      ReannealInterval: 150
              DataType: 'custom'


resultados =

   1.0e+03 *

    0.0010    0.0005    0.0013    0.0001    0.1680    0.9449
    0.0020    0.0010    0.0012    0.0001    0.1840    1.0869
    0.0030    0.0003    0.0014    0.0001    0.1780    0.9092
    0.0040    0.0005    0.0013    0.0001    0.1800    0.9958
    0.0050    0.0000    0.0015    0.0001    0.0210    0.1084
    0.0060    0.0000    0.0015    0.0001    0.0120    0.0809
    0.0070    0.0000    0.0015    0.0001    0.0220    0.1174
    0.0080    0.0000    0.0015    0.0001    0.1090    0.5088
    0.0090    0.0000    0.0015    0.0001    0.1010    0.3666
    0.0100    0.0000    0.0015    0.0001    0.1070    0.5521
    0.0110    0.0000    0.0015    0.0001    0.0230    0.1164
    0.0120    0.0005    0.0013    0.0001    0.1840    1.0133
    0.0130    0.0000    0.0015    0.0001    0.0330    0.1613
    0.0140    0.0000    0.0015    0.0001    0.1040    0.4807
    0.0150    0.0000    0.0015    0.0001    0.1060    0.4708
    0.0160    0.0000    0.0015    0.0001    0.1070    0.4534
    0.0170    0.0000    0.0015    0.0001    0.1200    0.4760
    0.0180    0.0000    0.0015    0.0001    0.0320    0.1584
    0.0190    0.0001    0.0015    0.0001    0.2150    0.8989
    0.0200    0.0000    0.0015    0.0001    0.1580    0.8554
    0.0210    0.0000    0.0015    0.0001    0.1050    0.3619
    0.0220    0.0000    0.0015    0.0001    0.1020    0.3422
    0.0230    0.0000    0.0015    0.0001    0.1140    0.4453
    0.0240    0.0001    0.0015    0.0001    0.1570    0.6589
    0.0250    0.0005    0.0013    0.0001    0.1830    1.0104
    0.0260    0.0000    0.0015    0.0001    0.0200    0.0993
    0.0270    0.0000    0.0015    0.0001    0.1710    0.9505
    0.0280    0.0003    0.0014    0.0001    0.1800    0.9246
    0.0290    0.0000    0.0015    0.0001    0.1260    0.4772
    0.0300    0.0000    0.0015    0.0001    0.0320    0.1533

