
options = 

          AnnealingFcn: @discrete_annealing2
        TemperatureFcn: @temperatureexp
         AcceptanceFcn: @acceptancesa
                TolFun: []
        StallIterLimit: 150
           MaxFunEvals: []
             TimeLimit: []
               MaxIter: []
        ObjectiveLimit: 0.0612
               Display: 'diagnose'
       DisplayInterval: 1
             HybridFcn: []
        HybridInterval: []
              PlotFcns: []
          PlotInterval: []
            OutputFcns: []
    InitialTemperature: 100
      ReannealInterval: 150
              DataType: 'custom'


resultados =

    1.0000    0.0010    1.5500    0.0694  206.0000  430.0404
    2.0000    0.0070    1.5500    0.0611   91.0000  158.7026
    3.0000    0.0070    1.5500    0.0611   96.0000  156.0019
    4.0000    0.0070    1.5500    0.0611   92.0000  154.4093
    5.0000    1.0000    1.2000    0.0923  216.0000  441.3846
    6.0000    0.0070    1.5500    0.0611   95.0000  166.3520
    7.0000    0.0070    1.5500    0.0611   60.0000  108.2736
    8.0000    0.0070    1.5500    0.0611   92.0000  127.5331
    9.0000    0.0070    1.5500    0.0611   97.0000  158.4049
   10.0000    0.0200    1.5400    0.0622  183.0000  280.3094
   11.0000    0.0500    1.5200    0.0654  217.0000  302.9414
   12.0000    0.0070    1.5500    0.0611   93.0000  151.4113
   13.0000    0.0070    1.5500    0.0611   18.0000   35.4763
   14.0000    0.0200    1.5400    0.0622  248.0000  378.9723
   15.0000    0.0070    1.5500    0.0611   70.0000  114.0994
   16.0000    0.0070    1.5500    0.0611   63.0000  106.6711
   17.0000    0.0070    1.5500    0.0611   25.0000   45.3883
   18.0000    0.0070    1.5500    0.0611   65.0000  114.0889
   19.0000    0.0070    1.5500    0.0611   94.0000  159.8399
   20.0000    0.0070    1.5500    0.0611   94.0000  147.2597
   21.0000    0.0070    1.5500    0.0611   90.0000  126.0043
   22.0000    0.0070    1.5500    0.0611   56.0000  101.5155
   23.0000    0.0070    1.5500    0.0611   58.0000  102.3654
   24.0000    0.0070    1.5500    0.0611   94.0000  154.4485
   25.0000    1.0000    1.2000    0.0923  159.0000  317.4895
   26.0000    0.0070    1.5500    0.0611   50.0000   87.3822
   27.0000    0.0070    1.5500    0.0611   96.0000  172.1445
   28.0000    0.0070    1.5500    0.0611   93.0000  153.4064
   29.0000    0.0070    1.5500    0.0611   93.0000  147.1519
   30.0000    0.0070    1.5500    0.0611   23.0000   45.8359

