
options = 

          AnnealingFcn: @d_annealing_c2
        TemperatureFcn: @temperaturefast
         AcceptanceFcn: @acceptancesa
                TolFun: []
        StallIterLimit: 100
           MaxFunEvals: []
             TimeLimit: []
               MaxIter: []
        ObjectiveLimit: 0.0611
               Display: 'diagnose'
       DisplayInterval: 1
             HybridFcn: []
        HybridInterval: []
              PlotFcns: []
          PlotInterval: []
            OutputFcns: []
    InitialTemperature: [100 100]
      ReannealInterval: 100
              DataType: 'custom'


resultados =

    1.0000    0.0070    1.5500    0.0611   25.0000   33.6508
    2.0000    0.0070    1.5500    0.0611  175.0000  257.5410
    3.0000    0.3000    1.4000    0.0792  182.0000  301.4224
         0         0    3.0000    2.0000   66.6667         0

