
options = 

          AnnealingFcn: @d_annealing_c2
        TemperatureFcn: @tempboltzexp
         AcceptanceFcn: @acceptancesa
                TolFun: []
        StallIterLimit: 100
           MaxFunEvals: []
             TimeLimit: []
               MaxIter: []
        ObjectiveLimit: 0.0611
               Display: 'diagnose'
       DisplayInterval: 1
             HybridFcn: []
        HybridInterval: []
              PlotFcns: []
          PlotInterval: []
            OutputFcns: []
    InitialTemperature: [100 100]
      ReannealInterval: 100
              DataType: 'custom'


resultados =

    1.0000    0.0070    1.5500    0.0611  106.0000  143.3659
    2.0000    0.0070    1.5500    0.0611  105.0000  140.7822
    3.0000    0.0070    1.5500    0.0611   43.0000   70.7771
         0         0    3.0000    3.0000  100.0000         0

