
options = 

          AnnealingFcn: @discrete_annealing2
        TemperatureFcn: @tempboltzexp
         AcceptanceFcn: @acceptancesa
                TolFun: []
        StallIterLimit: 150
           MaxFunEvals: []
             TimeLimit: []
               MaxIter: []
        ObjectiveLimit: 0.0612
               Display: 'diagnose'
       DisplayInterval: 1
             HybridFcn: []
        HybridInterval: []
              PlotFcns: []
          PlotInterval: []
            OutputFcns: []
    InitialTemperature: 100
      ReannealInterval: 150
              DataType: 'custom'


resultados =

   1.0e+03 *

    0.0010    0.0000    0.0015    0.0001    0.1060    0.5593
    0.0020    0.0000    0.0015    0.0001    0.1400    0.6717
    0.0030    0.0000    0.0015    0.0001    0.0880    0.4078
    0.0040    0.0000    0.0015    0.0001    0.1450    0.7365
    0.0050    0.0000    0.0015    0.0001    0.1040    0.5584
    0.0060    0.0000    0.0015    0.0001    0.1400    0.7034
    0.0070    0.0000    0.0015    0.0001    0.0990    0.4845
    0.0080    0.0000    0.0015    0.0001    0.1080    0.5927
    0.0090    0.0000    0.0015    0.0001    0.1110    0.5507
    0.0100    0.0000    0.0015    0.0001    0.2980    1.4034
    0.0110    0.0000    0.0015    0.0001    0.1430    0.6375
    0.0120    0.0000    0.0015    0.0001    0.3580    1.7380
    0.0130    0.0000    0.0015    0.0001    0.1110    0.5544
    0.0140    0.0000    0.0015    0.0001    0.1450    0.7478
    0.0150    0.0000    0.0015    0.0001    0.1180    0.5805
    0.0160    0.0000    0.0015    0.0001    0.1430    0.6208
    0.0170    0.0000    0.0015    0.0001    0.0220    0.1308
    0.0180    0.0000    0.0015    0.0001    0.1460    0.7437
    0.0190    0.0000    0.0015    0.0001    0.1450    0.6558
    0.0200    0.0000    0.0015    0.0001    0.1140    0.5981
    0.0210    0.0000    0.0015    0.0001    0.3720    1.7382
    0.0220    0.0000    0.0015    0.0001    0.0740    0.3459
    0.0230    0.0000    0.0015    0.0001    0.3610    1.8590
    0.0240    0.0000    0.0015    0.0001    0.0880    0.4377
    0.0250    0.0000    0.0015    0.0001    0.1450    0.6921
    0.0260    0.0000    0.0015    0.0001    0.3510    1.6074
    0.0270    0.0000    0.0015    0.0001    0.0470    0.2326
    0.0280    0.0000    0.0015    0.0001    0.2970    1.3375
    0.0290    0.0000    0.0015    0.0001    0.1430    0.6342
    0.0300    0.0000    0.0015    0.0001    0.1410    0.6514

