
options = 

          AnnealingFcn: @discrete_annealing2
        TemperatureFcn: @temperaturefast
         AcceptanceFcn: @acceptancesa
                TolFun: []
        StallIterLimit: 100
           MaxFunEvals: []
             TimeLimit: []
               MaxIter: []
        ObjectiveLimit: 0.0612
               Display: 'diagnose'
       DisplayInterval: 1
             HybridFcn: []
        HybridInterval: []
              PlotFcns: []
          PlotInterval: []
            OutputFcns: []
    InitialTemperature: 100
      ReannealInterval: 100
              DataType: 'custom'


resultados =

    1.0000    0.0070    1.5500    0.0611  108.0000  536.0196
    2.0000    0.3000    1.4000    0.0792  120.0000  684.8425
    3.0000    0.3000    1.4000    0.0792  124.0000  704.0852
    4.0000    0.3000    1.4000    0.0792  123.0000  694.6387
    5.0000    0.0070    1.5500    0.0611  107.0000  544.2884
    6.0000    0.0070    1.5500    0.0611  121.0000  566.4684
    7.0000    0.0070    1.5500    0.0611  107.0000  564.8522
    8.0000    0.3000    1.4000    0.0792  129.0000  712.8836
    9.0000    0.0070    1.5500    0.0611  114.0000  456.2396
   10.0000    0.0070    1.5500    0.0611  119.0000  512.3971
   11.0000    0.0010    1.5500    0.0694  118.0000  735.0624
   12.0000    0.0300    1.5300    0.0652  115.0000  527.2519
   13.0000    1.0000    1.2000    0.0923  126.0000  849.3449
   14.0000    0.1000    1.4900    0.0691  122.0000  575.4445
   15.0000    0.7000    1.2800    0.0885  128.0000  841.5583
   16.0000    0.0070    1.5500    0.0611  107.0000  418.0186
   17.0000    0.7000    1.2800    0.0885  126.0000  834.4037
   18.0000    0.0070    1.5500    0.0611  102.0000  454.6888
   19.0000    0.0070    1.5500    0.0611  105.0000  567.5342
   20.0000    0.0010    1.5500    0.0694  111.0000  649.0883
   21.0000    0.0070    1.5500    0.0611    7.0000   37.2873
   22.0000    0.0070    1.5500    0.0611    8.0000   52.0217
   23.0000    1.0000    1.2000    0.0923  130.0000  887.7655
   24.0000    0.0010    1.5500    0.0694  113.0000  662.4239
   25.0000    0.3000    1.4000    0.0792  120.0000  671.7898
   26.0000    0.7000    1.2800    0.0885  126.0000  817.8101
   27.0000    0.0070    1.5500    0.0611  106.0000  431.1790
   28.0000    0.0070    1.5500    0.0611  108.0000  594.0681
   29.0000    0.5000    1.3400    0.0849  117.0000  720.5012
   30.0000    0.0070    1.5500    0.0611  111.0000  565.0353

