
options = 

          AnnealingFcn: @discrete_annealing2
        TemperatureFcn: @temperatureexp
         AcceptanceFcn: @acceptancesa
                TolFun: []
        StallIterLimit: 150
           MaxFunEvals: []
             TimeLimit: []
               MaxIter: []
        ObjectiveLimit: 0.0612
               Display: 'diagnose'
       DisplayInterval: 1
             HybridFcn: []
        HybridInterval: []
              PlotFcns: []
          PlotInterval: []
            OutputFcns: []
    InitialTemperature: 100
      ReannealInterval: 150
              DataType: 'custom'


resultados =

   1.0e+03 *

    0.0010    0.0000    0.0015    0.0001    0.2070    1.3540
    0.0020    0.0001    0.0015    0.0001    0.1950    0.8688
    0.0030    0.0000    0.0015    0.0001    0.0940    0.3922
    0.0040    0.0003    0.0014    0.0001    0.2110    1.1169
    0.0050    0.0000    0.0015    0.0001    0.0580    0.2979
    0.0060    0.0000    0.0015    0.0001    0.0940    0.3812
    0.0070    0.0005    0.0013    0.0001    0.2160    1.2485
    0.0080    0.0003    0.0014    0.0001    0.2090    1.1006
    0.0090    0.0000    0.0015    0.0001    0.0520    0.2775
    0.0100    0.0001    0.0015    0.0001    0.2440    1.0352
    0.0110    0.0000    0.0015    0.0001    0.0970    0.5036
    0.0120    0.0000    0.0015    0.0001    0.0590    0.3144
    0.0130    0.0003    0.0014    0.0001    0.2080    1.0831
    0.0140    0.0000    0.0015    0.0001    0.1940    1.1884
    0.0150    0.0000    0.0015    0.0001    0.0500    0.2605
    0.0160    0.0000    0.0015    0.0001    0.0910    0.4587
    0.0170    0.0003    0.0014    0.0001    0.2130    1.1171
    0.0180    0.0000    0.0015    0.0001    0.2450    1.1286
    0.0190    0.0000    0.0015    0.0001    0.1870    1.1966
    0.0200    0.0000    0.0015    0.0001    0.0570    0.3030
    0.0210    0.0000    0.0015    0.0001    0.0380    0.2112
    0.0220    0.0000    0.0015    0.0001    0.0970    0.4767
    0.0230    0.0000    0.0015    0.0001    0.0960    0.5004
    0.0240    0.0000    0.0015    0.0001    0.0940    0.4667
    0.0250    0.0000    0.0015    0.0001    0.0920    0.4008
    0.0260    0.0001    0.0015    0.0001    0.1980    0.8913
    0.0270    0.0000    0.0015    0.0001    0.0520    0.2890
    0.0280    0.0000    0.0015    0.0001    0.0590    0.3100
    0.0290    0.0000    0.0015    0.0001    0.0970    0.4977
    0.0300    0.0000    0.0015    0.0001    0.0960    0.4521

