HL = 1.000 | t1//t0 = 9.000 | l1//l0 = 0.700 | alpha = 1.34 | Tmax = 0.093300
 HL = 18.000 | t1//t0 = 40.000 | l1//l0 = 0.700 | alpha = 1.52 | Tmax = 3.125620
 HL = 1.000 | t1//t0 = 5.000 | l1//l0 = 0.700 | alpha = 1.11 | Tmax = 0.122195
 