
options = 

          AnnealingFcn: @discrete_annealing2
        TemperatureFcn: @temperaturefast
         AcceptanceFcn: @acceptancesa
                TolFun: []
        StallIterLimit: 150
           MaxFunEvals: []
             TimeLimit: []
               MaxIter: []
        ObjectiveLimit: 0.0612
               Display: 'diagnose'
       DisplayInterval: 1
             HybridFcn: []
        HybridInterval: []
              PlotFcns: []
          PlotInterval: []
            OutputFcns: []
    InitialTemperature: 100
      ReannealInterval: 150
              DataType: 'custom'


resultados =

   1.0e+03 *

    0.0010    0.0003    0.0014    0.0001    0.1790    0.9052
    0.0020    0.0000    0.0015    0.0001    0.1060    0.4929
    0.0030    0.0000    0.0015    0.0001    0.1070    0.4091
    0.0040    0.0010    0.0012    0.0001    0.1580    0.9473
    0.0050    0.0003    0.0014    0.0001    0.1840    0.9368
    0.0060    0.0000    0.0015    0.0001    0.1100    0.4850
    0.0070    0.0010    0.0012    0.0001    0.1690    1.0150
    0.0080    0.0005    0.0013    0.0001    0.1690    0.9308
    0.0090    0.0007    0.0013    0.0001    0.1730    0.9975
    0.0100    0.0000    0.0015    0.0001    0.1290    0.5124
    0.0110    0.0005    0.0013    0.0001    0.1820    1.0186
    0.0120    0.0000    0.0015    0.0001    0.1060    0.5569
    0.0130    0.0000    0.0015    0.0001    0.0140    0.0976
    0.0140    0.0000    0.0015    0.0001    0.1030    0.4485
    0.0150    0.0000    0.0015    0.0001    0.1030    0.3697
    0.0160    0.0003    0.0014    0.0001    0.1720    0.8915
    0.0170    0.0000    0.0015    0.0001    0.1080    0.4632
    0.0180    0.0000    0.0015    0.0001    0.0270    0.1422
    0.0190    0.0010    0.0012    0.0001    0.1870    1.1159
    0.0200    0.0000    0.0015    0.0001    0.1090    0.5691
    0.0210    0.0010    0.0012    0.0001    0.1880    1.1284
    0.0220    0.0000    0.0015    0.0001    0.0280    0.1547
    0.0230    0.0000    0.0015    0.0001    0.1600    0.8624
    0.0240    0.0000    0.0015    0.0001    0.0190    0.0987
    0.0250    0.0010    0.0012    0.0001    0.1520    0.9081
    0.0260    0.0000    0.0015    0.0001    0.1100    0.5068
    0.0270    0.0000    0.0015    0.0001    0.0040    0.0378
    0.0280    0.0005    0.0013    0.0001    0.1690    0.9566
    0.0290    0.0000    0.0015    0.0001    0.1070    0.4815
    0.0300    0.0007    0.0013    0.0001    0.1720    1.0044

