
options = 

          AnnealingFcn: @d_annealing_c2
        TemperatureFcn: @temperatureexp
         AcceptanceFcn: @acceptancesa
                TolFun: []
        StallIterLimit: 100
           MaxFunEvals: []
             TimeLimit: []
               MaxIter: []
        ObjectiveLimit: 0.0660
               Display: 'diagnose'
       DisplayInterval: 1
             HybridFcn: []
        HybridInterval: []
              PlotFcns: []
          PlotInterval: []
            OutputFcns: []
    InitialTemperature: [100 100]
      ReannealInterval: 100
              DataType: 'custom'


resultados =

    1.0000    1.0000    1.2300    0.0921  164.0000   94.7629
    2.0000    1.0000    1.1800    0.0982  198.0000   81.0774
    3.0000    0.7000    1.2900    0.0882  193.0000  117.2788
         0         0    3.0000         0         0         0

