
options = 

          AnnealingFcn: @discrete_annealing2
        TemperatureFcn: @temperaturefast
         AcceptanceFcn: @acceptancesa
                TolFun: []
        StallIterLimit: 150
           MaxFunEvals: []
             TimeLimit: []
               MaxIter: []
        ObjectiveLimit: 0.0612
               Display: 'diagnose'
       DisplayInterval: 1
             HybridFcn: []
        HybridInterval: []
              PlotFcns: []
          PlotInterval: []
            OutputFcns: []
    InitialTemperature: 100
      ReannealInterval: 150
              DataType: 'custom'


resultados =

    1.0000    0.0070    1.5500    0.0611  105.0000  373.4090
    2.0000    0.5000    1.3400    0.0849  183.0000  828.6311
    3.0000    1.0000    1.2000    0.0923  172.0000  823.6668
    4.0000    0.0070    1.5500    0.0611  105.0000  353.7964
    5.0000    1.0000    1.2000    0.0923  183.0000  886.4329
    6.0000    0.7000    1.2800    0.0885  187.0000  865.3205
    7.0000    0.0070    1.5500    0.0611   14.0000   54.9380
    8.0000    0.0010    1.5500    0.0694  165.0000  729.9929
    9.0000    0.0010    1.5500    0.0694  173.0000  771.9165
   10.0000    0.0070    1.5500    0.0611  102.0000  344.1868
   11.0000    0.3000    1.4000    0.0792  176.0000  724.8742
   12.0000    0.0070    1.5500    0.0611  111.0000  439.0975
   13.0000    0.0070    1.5500    0.0611  109.0000  420.9908
   14.0000    0.0070    1.5500    0.0611  108.0000  391.1871
   15.0000    0.0070    1.5500    0.0611    4.0000   28.6476
   16.0000    1.0000    1.2000    0.0923  187.0000  891.0548
   17.0000    0.0070    1.5500    0.0611   11.0000   48.5315
   18.0000    0.0010    1.5500    0.0694  160.0000  671.0033
   19.0000    1.0000    1.2000    0.0923  174.0000  822.2828
   20.0000    0.0070    1.5500    0.0611  108.0000  391.3825
   21.0000    0.0070    1.5500    0.0611   24.0000  101.7895
   22.0000    0.7000    1.2800    0.0885  171.0000  779.6912
   23.0000    0.7000    1.2800    0.0885  164.0000  750.0344
   24.0000    0.0070    1.5500    0.0611  112.0000  305.4353
   25.0000    1.0000    1.2000    0.0923  183.0000  848.6534
   26.0000    0.3000    1.4000    0.0792  165.0000  657.2919
   27.0000    0.0070    1.5500    0.0611  106.0000  384.6832
   28.0000    0.5000    1.3400    0.0849  176.0000  770.7422
   29.0000    0.3000    1.4000    0.0792  168.0000  681.3987
   30.0000    0.0070    1.5500    0.0611  109.0000  403.4990

Elapsed time is 16544.748936 seconds.
