
options = 

          AnnealingFcn: @discrete_annealing2
        TemperatureFcn: @tempboltzexp
         AcceptanceFcn: @acceptancesa
                TolFun: []
        StallIterLimit: 100
           MaxFunEvals: []
             TimeLimit: []
               MaxIter: []
        ObjectiveLimit: 0.0612
               Display: 'diagnose'
       DisplayInterval: 1
             HybridFcn: []
        HybridInterval: []
              PlotFcns: []
          PlotInterval: []
            OutputFcns: []
    InitialTemperature: 100
      ReannealInterval: 100
              DataType: 'custom'


resultados =

   1.0e+03 *

    0.0010    0.0000    0.0015    0.0001    0.1050    0.6128
    0.0020    0.0001    0.0015    0.0001    0.1400    0.6912
    0.0030    0.0000    0.0015    0.0001    0.0740    0.4268
    0.0040    0.0000    0.0015    0.0001    0.1400    0.7484
    0.0050    0.0000    0.0015    0.0001    0.1110    0.6077
    0.0060    0.0000    0.0015    0.0001    0.1060    0.5888
    0.0070    0.0000    0.0015    0.0001    0.1440    0.7406
    0.0080    0.0000    0.0015    0.0001    0.1080    0.5880
    0.0090    0.0000    0.0015    0.0001    0.1010    0.5696
    0.0100    0.0000    0.0015    0.0001    0.1420    0.7576
    0.0110    0.0000    0.0015    0.0001    0.2700    1.2790
    0.0120    0.0000    0.0015    0.0001    0.0580    0.3361
    0.0130    0.0000    0.0015    0.0001    0.0590    0.3381
    0.0140    0.0000    0.0015    0.0001    0.1090    0.6157
    0.0150    0.0000    0.0015    0.0001    0.0670    0.3608
    0.0160    0.0000    0.0015    0.0001    0.1020    0.5621
    0.0170    0.0000    0.0015    0.0001    0.1410    0.7722
    0.0180    0.0000    0.0015    0.0001    0.0420    0.2295
    0.0190    0.0000    0.0015    0.0001    0.1240    0.6774
    0.0200    0.0000    0.0015    0.0001    0.1470    0.7003
    0.0210    0.0000    0.0015    0.0001    0.1400    0.6906
    0.0220    0.0000    0.0015    0.0001    0.1440    0.7254
    0.0230    0.0000    0.0015    0.0001    0.1060    0.5951
    0.0240    0.0000    0.0015    0.0001    0.1480    0.6817
    0.0250    0.0000    0.0015    0.0001    0.1420    0.7442
    0.0260    0.0000    0.0015    0.0001    0.1290    0.6275
    0.0270    0.0000    0.0015    0.0001    0.1110    0.5943
    0.0280    0.0000    0.0015    0.0001    0.1080    0.5880
    0.0290    0.0000    0.0015    0.0001    0.1020    0.5706
    0.0300    0.0000    0.0015    0.0001    0.0210    0.1174

