
options = 

          AnnealingFcn: @d_annealing_c2
        TemperatureFcn: @temperatureboltz
         AcceptanceFcn: @acceptancesa
                TolFun: []
        StallIterLimit: 100
           MaxFunEvals: []
             TimeLimit: []
               MaxIter: []
        ObjectiveLimit: 0.0660
               Display: 'diagnose'
       DisplayInterval: 1
             HybridFcn: []
        HybridInterval: []
              PlotFcns: []
          PlotInterval: []
            OutputFcns: []
    InitialTemperature: [100 100]
      ReannealInterval: 100
              DataType: 'custom'


resultados =

    1.0000    0.3000    1.4200    0.0805  262.0000  114.3803
    2.0000    0.1000    1.5400    0.0660  112.0000   35.2175
    3.0000    0.1000    1.5400    0.0660  100.0000   45.8566
         0         0    3.0000    1.0000   33.3333         0

