
options = 

          AnnealingFcn: @d_annealing_c2
        TemperatureFcn: @temperatureboltz
         AcceptanceFcn: @acceptancesa
                TolFun: []
        StallIterLimit: 100
           MaxFunEvals: []
             TimeLimit: []
               MaxIter: []
        ObjectiveLimit: 0.0611
               Display: 'diagnose'
       DisplayInterval: 1
             HybridFcn: []
        HybridInterval: []
              PlotFcns: []
          PlotInterval: []
            OutputFcns: []
    InitialTemperature: [100 100]
      ReannealInterval: 100
              DataType: 'custom'


resultados =

    1.0000    0.0100    1.5500    0.0638  136.0000  182.6296
    2.0000    0.0070    1.5500    0.0611  122.0000  183.1463
    3.0000    0.0100    1.5500    0.0638  240.0000  374.4337
         0         0    3.0000    1.0000   33.3333         0

