
options = 

          AnnealingFcn: @d_annealing_c2
        TemperatureFcn: @temperaturefast
         AcceptanceFcn: @acceptancesa
                TolFun: []
        StallIterLimit: 100
           MaxFunEvals: []
             TimeLimit: []
               MaxIter: []
        ObjectiveLimit: 0.0660
               Display: 'diagnose'
       DisplayInterval: 1
             HybridFcn: []
        HybridInterval: []
              PlotFcns: []
          PlotInterval: []
            OutputFcns: []
    InitialTemperature: [100 100]
      ReannealInterval: 100
              DataType: 'custom'


resultados =

    1.0000    0.5000    1.3600    0.0829  184.0000   92.2308
    2.0000    0.7000    1.3000    0.0873  122.0000   74.8374
    3.0000    1.0000    1.2500    0.0929  144.0000   69.1722
         0         0    3.0000         0         0         0

