
options = 

          AnnealingFcn: @d_annealing_c2
        TemperatureFcn: @tempboltzexp
         AcceptanceFcn: @acceptancesa
                TolFun: []
        StallIterLimit: 100
           MaxFunEvals: []
             TimeLimit: []
               MaxIter: []
        ObjectiveLimit: 0.0611
               Display: 'diagnose'
       DisplayInterval: 1
             HybridFcn: []
        HybridInterval: []
              PlotFcns: []
          PlotInterval: []
            OutputFcns: []
    InitialTemperature: [100 100]
      ReannealInterval: 100
              DataType: 'custom'


resultados =

    1.0000    0.3000    1.3900    0.0833  142.0000  239.7104
    2.0000    0.0070    1.5500    0.0611  238.0000  385.4676
    3.0000    0.0070    1.5500    0.0611  118.0000  159.6678
         0         0    3.0000    2.0000   66.6667         0

