
options = 

          AnnealingFcn: @d_annealing_c2
        TemperatureFcn: @temperatureexp
         AcceptanceFcn: @acceptancesa
                TolFun: []
        StallIterLimit: 100
           MaxFunEvals: []
             TimeLimit: []
               MaxIter: []
        ObjectiveLimit: 0.0611
               Display: 'diagnose'
       DisplayInterval: 1
             HybridFcn: []
        HybridInterval: []
              PlotFcns: []
          PlotInterval: []
            OutputFcns: []
    InitialTemperature: [100 100]
      ReannealInterval: 100
              DataType: 'custom'


resultados =

    1.0000    0.5000    1.3500    0.0857  127.0000  215.1347
    2.0000    0.3000    1.4000    0.0792  231.0000  356.1898
    3.0000    0.3000    1.4000    0.0792  139.0000  229.7413
         0         0    3.0000         0         0         0

