
options = 

          AnnealingFcn: @discrete_annealing2
        TemperatureFcn: @temperatureexp
         AcceptanceFcn: @acceptancesa
                TolFun: []
        StallIterLimit: 100
           MaxFunEvals: []
             TimeLimit: []
               MaxIter: []
        ObjectiveLimit: 0.0612
               Display: 'diagnose'
       DisplayInterval: 1
             HybridFcn: []
        HybridInterval: []
              PlotFcns: []
          PlotInterval: []
            OutputFcns: []
    InitialTemperature: 100
      ReannealInterval: 100
              DataType: 'custom'


resultados =

   1.0e+03 *

    0.0010    0.0000    0.0015    0.0001    0.1560    1.1520
    0.0020    0.0000    0.0015    0.0001    0.0610    0.3783
    0.0030    0.0000    0.0015    0.0001    0.1980    1.0195
    0.0040    0.0000    0.0015    0.0001    0.0110    0.0731
    0.0050    0.0000    0.0015    0.0001    0.0970    0.4639
    0.0060    0.0005    0.0013    0.0001    0.1680    1.0613
    0.0070    0.0003    0.0014    0.0001    0.1620    0.9628
    0.0080    0.0000    0.0015    0.0001    0.0940    0.5489
    0.0090    0.0003    0.0014    0.0001    0.1260    0.7362
    0.0100    0.0003    0.0014    0.0001    0.1600    0.9208
    0.0110    0.0005    0.0013    0.0001    0.1630    1.0359
    0.0120    0.0003    0.0014    0.0001    0.1590    0.9127
    0.0130    0.0003    0.0014    0.0001    0.1620    0.9071
    0.0140    0.0000    0.0015    0.0001    0.0960    0.5494
    0.0150    0.0000    0.0015    0.0001    0.0930    0.5349
    0.0160    0.0000    0.0015    0.0001    0.0590    0.3390
    0.0170    0.0000    0.0015    0.0001    0.1430    0.9636
    0.0180    0.0000    0.0015    0.0001    0.0970    0.4793
    0.0190    0.0000    0.0015    0.0001    0.0950    0.5525
    0.0200    0.0000    0.0015    0.0001    0.0630    0.3405
    0.0210    0.0003    0.0014    0.0001    0.1630    0.9434
    0.0220    0.0000    0.0015    0.0001    0.0640    0.3706
    0.0230    0.0000    0.0015    0.0001    0.1950    0.9598
    0.0240    0.0000    0.0015    0.0001    0.0970    0.5891
    0.0250    0.0001    0.0015    0.0001    0.1480    0.7214
    0.0260    0.0000    0.0015    0.0001    0.2010    1.1208
    0.0270    0.0000    0.0015    0.0001    0.1970    1.0180
    0.0280    0.0000    0.0015    0.0001    0.0950    0.5183
    0.0290    0.0000    0.0015    0.0001    0.1500    1.0600
    0.0300    0.0000    0.0015    0.0001    0.0920    0.4397

